{
 "cells": [
  {
   "cell_type": "code",
   "execution_count": 1,
   "id": "781f00f8",
   "metadata": {},
   "outputs": [],
   "source": [
    "import pandas as pd"
   ]
  },
  {
   "cell_type": "code",
   "execution_count": 2,
   "id": "39f16d45",
   "metadata": {},
   "outputs": [
    {
     "data": {
      "text/html": [
       "<div>\n",
       "<style scoped>\n",
       "    .dataframe tbody tr th:only-of-type {\n",
       "        vertical-align: middle;\n",
       "    }\n",
       "\n",
       "    .dataframe tbody tr th {\n",
       "        vertical-align: top;\n",
       "    }\n",
       "\n",
       "    .dataframe thead th {\n",
       "        text-align: right;\n",
       "    }\n",
       "</style>\n",
       "<table border=\"1\" class=\"dataframe\">\n",
       "  <thead>\n",
       "    <tr style=\"text-align: right;\">\n",
       "      <th></th>\n",
       "      <th>sl_no</th>\n",
       "      <th>ssc_p</th>\n",
       "      <th>hsc_p</th>\n",
       "      <th>degree_p</th>\n",
       "      <th>etest_p</th>\n",
       "      <th>mba_p</th>\n",
       "      <th>salary</th>\n",
       "      <th>gender</th>\n",
       "      <th>ssc_b</th>\n",
       "      <th>hsc_b</th>\n",
       "      <th>hsc_s</th>\n",
       "      <th>degree_t</th>\n",
       "      <th>workex</th>\n",
       "      <th>specialisation</th>\n",
       "      <th>status</th>\n",
       "    </tr>\n",
       "  </thead>\n",
       "  <tbody>\n",
       "    <tr>\n",
       "      <th>0</th>\n",
       "      <td>1.0</td>\n",
       "      <td>67.00</td>\n",
       "      <td>91.00</td>\n",
       "      <td>58.00</td>\n",
       "      <td>55.0</td>\n",
       "      <td>58.80</td>\n",
       "      <td>270000.0</td>\n",
       "      <td>M</td>\n",
       "      <td>Others</td>\n",
       "      <td>Others</td>\n",
       "      <td>Commerce</td>\n",
       "      <td>Sci&amp;Tech</td>\n",
       "      <td>No</td>\n",
       "      <td>Mkt&amp;HR</td>\n",
       "      <td>Placed</td>\n",
       "    </tr>\n",
       "    <tr>\n",
       "      <th>1</th>\n",
       "      <td>2.0</td>\n",
       "      <td>79.33</td>\n",
       "      <td>78.33</td>\n",
       "      <td>77.48</td>\n",
       "      <td>86.5</td>\n",
       "      <td>66.28</td>\n",
       "      <td>200000.0</td>\n",
       "      <td>M</td>\n",
       "      <td>Central</td>\n",
       "      <td>Others</td>\n",
       "      <td>Science</td>\n",
       "      <td>Sci&amp;Tech</td>\n",
       "      <td>Yes</td>\n",
       "      <td>Mkt&amp;Fin</td>\n",
       "      <td>Placed</td>\n",
       "    </tr>\n",
       "    <tr>\n",
       "      <th>2</th>\n",
       "      <td>3.0</td>\n",
       "      <td>65.00</td>\n",
       "      <td>68.00</td>\n",
       "      <td>64.00</td>\n",
       "      <td>75.0</td>\n",
       "      <td>57.80</td>\n",
       "      <td>250000.0</td>\n",
       "      <td>M</td>\n",
       "      <td>Central</td>\n",
       "      <td>Central</td>\n",
       "      <td>Arts</td>\n",
       "      <td>Comm&amp;Mgmt</td>\n",
       "      <td>No</td>\n",
       "      <td>Mkt&amp;Fin</td>\n",
       "      <td>Placed</td>\n",
       "    </tr>\n",
       "    <tr>\n",
       "      <th>3</th>\n",
       "      <td>4.0</td>\n",
       "      <td>56.00</td>\n",
       "      <td>52.00</td>\n",
       "      <td>52.00</td>\n",
       "      <td>66.0</td>\n",
       "      <td>59.43</td>\n",
       "      <td>0.0</td>\n",
       "      <td>M</td>\n",
       "      <td>Central</td>\n",
       "      <td>Central</td>\n",
       "      <td>Science</td>\n",
       "      <td>Sci&amp;Tech</td>\n",
       "      <td>No</td>\n",
       "      <td>Mkt&amp;HR</td>\n",
       "      <td>Not Placed</td>\n",
       "    </tr>\n",
       "    <tr>\n",
       "      <th>4</th>\n",
       "      <td>5.0</td>\n",
       "      <td>85.80</td>\n",
       "      <td>73.60</td>\n",
       "      <td>73.30</td>\n",
       "      <td>96.8</td>\n",
       "      <td>55.50</td>\n",
       "      <td>390000.0</td>\n",
       "      <td>M</td>\n",
       "      <td>Central</td>\n",
       "      <td>Central</td>\n",
       "      <td>Commerce</td>\n",
       "      <td>Comm&amp;Mgmt</td>\n",
       "      <td>No</td>\n",
       "      <td>Mkt&amp;Fin</td>\n",
       "      <td>Placed</td>\n",
       "    </tr>\n",
       "    <tr>\n",
       "      <th>...</th>\n",
       "      <td>...</td>\n",
       "      <td>...</td>\n",
       "      <td>...</td>\n",
       "      <td>...</td>\n",
       "      <td>...</td>\n",
       "      <td>...</td>\n",
       "      <td>...</td>\n",
       "      <td>...</td>\n",
       "      <td>...</td>\n",
       "      <td>...</td>\n",
       "      <td>...</td>\n",
       "      <td>...</td>\n",
       "      <td>...</td>\n",
       "      <td>...</td>\n",
       "      <td>...</td>\n",
       "    </tr>\n",
       "    <tr>\n",
       "      <th>210</th>\n",
       "      <td>211.0</td>\n",
       "      <td>80.60</td>\n",
       "      <td>82.00</td>\n",
       "      <td>77.60</td>\n",
       "      <td>91.0</td>\n",
       "      <td>74.49</td>\n",
       "      <td>390000.0</td>\n",
       "      <td>M</td>\n",
       "      <td>Others</td>\n",
       "      <td>Others</td>\n",
       "      <td>Commerce</td>\n",
       "      <td>Comm&amp;Mgmt</td>\n",
       "      <td>No</td>\n",
       "      <td>Mkt&amp;Fin</td>\n",
       "      <td>Placed</td>\n",
       "    </tr>\n",
       "    <tr>\n",
       "      <th>211</th>\n",
       "      <td>212.0</td>\n",
       "      <td>58.00</td>\n",
       "      <td>60.00</td>\n",
       "      <td>72.00</td>\n",
       "      <td>74.0</td>\n",
       "      <td>53.62</td>\n",
       "      <td>275000.0</td>\n",
       "      <td>M</td>\n",
       "      <td>Others</td>\n",
       "      <td>Others</td>\n",
       "      <td>Science</td>\n",
       "      <td>Sci&amp;Tech</td>\n",
       "      <td>No</td>\n",
       "      <td>Mkt&amp;Fin</td>\n",
       "      <td>Placed</td>\n",
       "    </tr>\n",
       "    <tr>\n",
       "      <th>212</th>\n",
       "      <td>213.0</td>\n",
       "      <td>67.00</td>\n",
       "      <td>67.00</td>\n",
       "      <td>73.00</td>\n",
       "      <td>59.0</td>\n",
       "      <td>69.72</td>\n",
       "      <td>295000.0</td>\n",
       "      <td>M</td>\n",
       "      <td>Others</td>\n",
       "      <td>Others</td>\n",
       "      <td>Commerce</td>\n",
       "      <td>Comm&amp;Mgmt</td>\n",
       "      <td>Yes</td>\n",
       "      <td>Mkt&amp;Fin</td>\n",
       "      <td>Placed</td>\n",
       "    </tr>\n",
       "    <tr>\n",
       "      <th>213</th>\n",
       "      <td>214.0</td>\n",
       "      <td>74.00</td>\n",
       "      <td>66.00</td>\n",
       "      <td>58.00</td>\n",
       "      <td>70.0</td>\n",
       "      <td>60.23</td>\n",
       "      <td>204000.0</td>\n",
       "      <td>F</td>\n",
       "      <td>Others</td>\n",
       "      <td>Others</td>\n",
       "      <td>Commerce</td>\n",
       "      <td>Comm&amp;Mgmt</td>\n",
       "      <td>No</td>\n",
       "      <td>Mkt&amp;HR</td>\n",
       "      <td>Placed</td>\n",
       "    </tr>\n",
       "    <tr>\n",
       "      <th>214</th>\n",
       "      <td>215.0</td>\n",
       "      <td>62.00</td>\n",
       "      <td>58.00</td>\n",
       "      <td>53.00</td>\n",
       "      <td>89.0</td>\n",
       "      <td>60.22</td>\n",
       "      <td>0.0</td>\n",
       "      <td>M</td>\n",
       "      <td>Central</td>\n",
       "      <td>Others</td>\n",
       "      <td>Science</td>\n",
       "      <td>Comm&amp;Mgmt</td>\n",
       "      <td>No</td>\n",
       "      <td>Mkt&amp;HR</td>\n",
       "      <td>Not Placed</td>\n",
       "    </tr>\n",
       "  </tbody>\n",
       "</table>\n",
       "<p>215 rows × 15 columns</p>\n",
       "</div>"
      ],
      "text/plain": [
       "     sl_no  ssc_p  hsc_p  degree_p  etest_p  mba_p    salary gender    ssc_b  \\\n",
       "0      1.0  67.00  91.00     58.00     55.0  58.80  270000.0      M   Others   \n",
       "1      2.0  79.33  78.33     77.48     86.5  66.28  200000.0      M  Central   \n",
       "2      3.0  65.00  68.00     64.00     75.0  57.80  250000.0      M  Central   \n",
       "3      4.0  56.00  52.00     52.00     66.0  59.43       0.0      M  Central   \n",
       "4      5.0  85.80  73.60     73.30     96.8  55.50  390000.0      M  Central   \n",
       "..     ...    ...    ...       ...      ...    ...       ...    ...      ...   \n",
       "210  211.0  80.60  82.00     77.60     91.0  74.49  390000.0      M   Others   \n",
       "211  212.0  58.00  60.00     72.00     74.0  53.62  275000.0      M   Others   \n",
       "212  213.0  67.00  67.00     73.00     59.0  69.72  295000.0      M   Others   \n",
       "213  214.0  74.00  66.00     58.00     70.0  60.23  204000.0      F   Others   \n",
       "214  215.0  62.00  58.00     53.00     89.0  60.22       0.0      M  Central   \n",
       "\n",
       "       hsc_b     hsc_s   degree_t workex specialisation      status  \n",
       "0     Others  Commerce   Sci&Tech     No         Mkt&HR      Placed  \n",
       "1     Others   Science   Sci&Tech    Yes        Mkt&Fin      Placed  \n",
       "2    Central      Arts  Comm&Mgmt     No        Mkt&Fin      Placed  \n",
       "3    Central   Science   Sci&Tech     No         Mkt&HR  Not Placed  \n",
       "4    Central  Commerce  Comm&Mgmt     No        Mkt&Fin      Placed  \n",
       "..       ...       ...        ...    ...            ...         ...  \n",
       "210   Others  Commerce  Comm&Mgmt     No        Mkt&Fin      Placed  \n",
       "211   Others   Science   Sci&Tech     No        Mkt&Fin      Placed  \n",
       "212   Others  Commerce  Comm&Mgmt    Yes        Mkt&Fin      Placed  \n",
       "213   Others  Commerce  Comm&Mgmt     No         Mkt&HR      Placed  \n",
       "214   Others   Science  Comm&Mgmt     No         Mkt&HR  Not Placed  \n",
       "\n",
       "[215 rows x 15 columns]"
      ]
     },
     "execution_count": 2,
     "metadata": {},
     "output_type": "execute_result"
    }
   ],
   "source": [
    "dataset=pd.read_csv(\"PrePlacement.csv\")\n",
    "dataset"
   ]
  },
  {
   "cell_type": "code",
   "execution_count": 3,
   "id": "d3cde5a2",
   "metadata": {},
   "outputs": [
    {
     "data": {
      "text/plain": [
       "sl_no             0\n",
       "ssc_p             0\n",
       "hsc_p             0\n",
       "degree_p          0\n",
       "etest_p           0\n",
       "mba_p             0\n",
       "salary            0\n",
       "gender            0\n",
       "ssc_b             0\n",
       "hsc_b             0\n",
       "hsc_s             0\n",
       "degree_t          0\n",
       "workex            0\n",
       "specialisation    0\n",
       "status            0\n",
       "dtype: int64"
      ]
     },
     "execution_count": 3,
     "metadata": {},
     "output_type": "execute_result"
    }
   ],
   "source": [
    "dataset.isnull().sum()"
   ]
  },
  {
   "cell_type": "code",
   "execution_count": 11,
   "id": "580a38a9",
   "metadata": {},
   "outputs": [
    {
     "data": {
      "text/plain": [
       "Index(['sl_no', 'ssc_p', 'hsc_p', 'degree_p', 'etest_p', 'mba_p', 'salary',\n",
       "       'gender', 'ssc_b', 'hsc_b', 'hsc_s', 'degree_t', 'workex',\n",
       "       'specialisation', 'status'],\n",
       "      dtype='object')"
      ]
     },
     "execution_count": 11,
     "metadata": {},
     "output_type": "execute_result"
    }
   ],
   "source": [
    "colName=dataset.columns\n",
    "colName"
   ]
  },
  {
   "cell_type": "code",
   "execution_count": 14,
   "id": "6be64cb6",
   "metadata": {},
   "outputs": [
    {
     "data": {
      "text/plain": [
       "dtype('O')"
      ]
     },
     "execution_count": 14,
     "metadata": {},
     "output_type": "execute_result"
    }
   ],
   "source": [
    "dataset['gender'].dtype"
   ]
  },
  {
   "cell_type": "code",
   "execution_count": 15,
   "id": "c3495f47",
   "metadata": {},
   "outputs": [],
   "source": [
    "qual=[]\n",
    "quan=[]\n",
    "for colName in dataset[colName]:\n",
    "    if(dataset[colName].dtype=='O'):\n",
    "        qual.append(colName)\n",
    "    else:\n",
    "        quan.append(colName)"
   ]
  },
  {
   "cell_type": "code",
   "execution_count": 16,
   "id": "8b3b01f3",
   "metadata": {},
   "outputs": [
    {
     "data": {
      "text/plain": [
       "['gender',\n",
       " 'ssc_b',\n",
       " 'hsc_b',\n",
       " 'hsc_s',\n",
       " 'degree_t',\n",
       " 'workex',\n",
       " 'specialisation',\n",
       " 'status']"
      ]
     },
     "execution_count": 16,
     "metadata": {},
     "output_type": "execute_result"
    }
   ],
   "source": [
    "qual"
   ]
  },
  {
   "cell_type": "code",
   "execution_count": 17,
   "id": "467d1c7b",
   "metadata": {},
   "outputs": [
    {
     "data": {
      "text/plain": [
       "['sl_no', 'ssc_p', 'hsc_p', 'degree_p', 'etest_p', 'mba_p', 'salary']"
      ]
     },
     "execution_count": 17,
     "metadata": {},
     "output_type": "execute_result"
    }
   ],
   "source": [
    "quan"
   ]
  },
  {
   "cell_type": "code",
   "execution_count": 19,
   "id": "406eb810",
   "metadata": {},
   "outputs": [
    {
     "data": {
      "text/html": [
       "<div>\n",
       "<style scoped>\n",
       "    .dataframe tbody tr th:only-of-type {\n",
       "        vertical-align: middle;\n",
       "    }\n",
       "\n",
       "    .dataframe tbody tr th {\n",
       "        vertical-align: top;\n",
       "    }\n",
       "\n",
       "    .dataframe thead th {\n",
       "        text-align: right;\n",
       "    }\n",
       "</style>\n",
       "<table border=\"1\" class=\"dataframe\">\n",
       "  <thead>\n",
       "    <tr style=\"text-align: right;\">\n",
       "      <th></th>\n",
       "      <th>sl_no</th>\n",
       "      <th>ssc_p</th>\n",
       "      <th>hsc_p</th>\n",
       "      <th>degree_p</th>\n",
       "      <th>etest_p</th>\n",
       "      <th>mba_p</th>\n",
       "      <th>salary</th>\n",
       "    </tr>\n",
       "  </thead>\n",
       "  <tbody>\n",
       "    <tr>\n",
       "      <th>sl_no</th>\n",
       "      <td>3870.000000</td>\n",
       "      <td>-52.641355</td>\n",
       "      <td>-59.598879</td>\n",
       "      <td>-41.465047</td>\n",
       "      <td>52.556168</td>\n",
       "      <td>8.102336</td>\n",
       "      <td>-1.644766e+05</td>\n",
       "    </tr>\n",
       "    <tr>\n",
       "      <th>ssc_p</th>\n",
       "      <td>-52.641355</td>\n",
       "      <td>117.228377</td>\n",
       "      <td>58.853253</td>\n",
       "      <td>42.702550</td>\n",
       "      <td>37.659225</td>\n",
       "      <td>24.535952</td>\n",
       "      <td>8.952943e+05</td>\n",
       "    </tr>\n",
       "    <tr>\n",
       "      <th>hsc_p</th>\n",
       "      <td>-59.598879</td>\n",
       "      <td>58.853253</td>\n",
       "      <td>112.063731</td>\n",
       "      <td>33.684453</td>\n",
       "      <td>33.838355</td>\n",
       "      <td>21.517688</td>\n",
       "      <td>7.028903e+05</td>\n",
       "    </tr>\n",
       "    <tr>\n",
       "      <th>degree_p</th>\n",
       "      <td>-41.465047</td>\n",
       "      <td>42.702550</td>\n",
       "      <td>33.684453</td>\n",
       "      <td>53.604710</td>\n",
       "      <td>22.078774</td>\n",
       "      <td>17.185200</td>\n",
       "      <td>4.639303e+05</td>\n",
       "    </tr>\n",
       "    <tr>\n",
       "      <th>etest_p</th>\n",
       "      <td>52.556168</td>\n",
       "      <td>37.659225</td>\n",
       "      <td>33.838355</td>\n",
       "      <td>22.078774</td>\n",
       "      <td>176.251018</td>\n",
       "      <td>16.886973</td>\n",
       "      <td>3.479242e+05</td>\n",
       "    </tr>\n",
       "    <tr>\n",
       "      <th>mba_p</th>\n",
       "      <td>8.102336</td>\n",
       "      <td>24.535952</td>\n",
       "      <td>21.517688</td>\n",
       "      <td>17.185200</td>\n",
       "      <td>16.886973</td>\n",
       "      <td>34.028376</td>\n",
       "      <td>1.067778e+05</td>\n",
       "    </tr>\n",
       "    <tr>\n",
       "      <th>salary</th>\n",
       "      <td>-164476.635514</td>\n",
       "      <td>895294.291241</td>\n",
       "      <td>702890.336014</td>\n",
       "      <td>463930.322104</td>\n",
       "      <td>347924.181917</td>\n",
       "      <td>106777.845686</td>\n",
       "      <td>1.863674e+10</td>\n",
       "    </tr>\n",
       "  </tbody>\n",
       "</table>\n",
       "</div>"
      ],
      "text/plain": [
       "                  sl_no          ssc_p          hsc_p       degree_p  \\\n",
       "sl_no       3870.000000     -52.641355     -59.598879     -41.465047   \n",
       "ssc_p        -52.641355     117.228377      58.853253      42.702550   \n",
       "hsc_p        -59.598879      58.853253     112.063731      33.684453   \n",
       "degree_p     -41.465047      42.702550      33.684453      53.604710   \n",
       "etest_p       52.556168      37.659225      33.838355      22.078774   \n",
       "mba_p          8.102336      24.535952      21.517688      17.185200   \n",
       "salary   -164476.635514  895294.291241  702890.336014  463930.322104   \n",
       "\n",
       "                etest_p          mba_p        salary  \n",
       "sl_no         52.556168       8.102336 -1.644766e+05  \n",
       "ssc_p         37.659225      24.535952  8.952943e+05  \n",
       "hsc_p         33.838355      21.517688  7.028903e+05  \n",
       "degree_p      22.078774      17.185200  4.639303e+05  \n",
       "etest_p      176.251018      16.886973  3.479242e+05  \n",
       "mba_p         16.886973      34.028376  1.067778e+05  \n",
       "salary    347924.181917  106777.845686  1.863674e+10  "
      ]
     },
     "execution_count": 19,
     "metadata": {},
     "output_type": "execute_result"
    }
   ],
   "source": [
    "dataset[quan].cov()"
   ]
  },
  {
   "cell_type": "code",
   "execution_count": null,
   "id": "b23acf81",
   "metadata": {},
   "outputs": [],
   "source": [
    "# Covariance is nothing but the variance between two columns\n",
    "# Covariance types:Large positive, zero normal, Large negative\n",
    "# Difference between --> etest_p & mba_p --> 16.886973 (Positive covariance)\n",
    "# Difference between --> degree_p & etest_p --> 22.078774 (Positive covariance)"
   ]
  },
  {
   "cell_type": "code",
   "execution_count": 20,
   "id": "28d7c1be",
   "metadata": {},
   "outputs": [
    {
     "data": {
      "text/html": [
       "<div>\n",
       "<style scoped>\n",
       "    .dataframe tbody tr th:only-of-type {\n",
       "        vertical-align: middle;\n",
       "    }\n",
       "\n",
       "    .dataframe tbody tr th {\n",
       "        vertical-align: top;\n",
       "    }\n",
       "\n",
       "    .dataframe thead th {\n",
       "        text-align: right;\n",
       "    }\n",
       "</style>\n",
       "<table border=\"1\" class=\"dataframe\">\n",
       "  <thead>\n",
       "    <tr style=\"text-align: right;\">\n",
       "      <th></th>\n",
       "      <th>sl_no</th>\n",
       "      <th>ssc_p</th>\n",
       "      <th>hsc_p</th>\n",
       "      <th>degree_p</th>\n",
       "      <th>etest_p</th>\n",
       "      <th>mba_p</th>\n",
       "      <th>salary</th>\n",
       "    </tr>\n",
       "  </thead>\n",
       "  <tbody>\n",
       "    <tr>\n",
       "      <th>sl_no</th>\n",
       "      <td>1.000000</td>\n",
       "      <td>-0.078155</td>\n",
       "      <td>-0.090500</td>\n",
       "      <td>-0.091039</td>\n",
       "      <td>0.063636</td>\n",
       "      <td>0.022327</td>\n",
       "      <td>-0.019367</td>\n",
       "    </tr>\n",
       "    <tr>\n",
       "      <th>ssc_p</th>\n",
       "      <td>-0.078155</td>\n",
       "      <td>1.000000</td>\n",
       "      <td>0.513478</td>\n",
       "      <td>0.538686</td>\n",
       "      <td>0.261993</td>\n",
       "      <td>0.388478</td>\n",
       "      <td>0.605710</td>\n",
       "    </tr>\n",
       "    <tr>\n",
       "      <th>hsc_p</th>\n",
       "      <td>-0.090500</td>\n",
       "      <td>0.513478</td>\n",
       "      <td>1.000000</td>\n",
       "      <td>0.434606</td>\n",
       "      <td>0.240775</td>\n",
       "      <td>0.348452</td>\n",
       "      <td>0.486374</td>\n",
       "    </tr>\n",
       "    <tr>\n",
       "      <th>degree_p</th>\n",
       "      <td>-0.091039</td>\n",
       "      <td>0.538686</td>\n",
       "      <td>0.434606</td>\n",
       "      <td>1.000000</td>\n",
       "      <td>0.227147</td>\n",
       "      <td>0.402376</td>\n",
       "      <td>0.464159</td>\n",
       "    </tr>\n",
       "    <tr>\n",
       "      <th>etest_p</th>\n",
       "      <td>0.063636</td>\n",
       "      <td>0.261993</td>\n",
       "      <td>0.240775</td>\n",
       "      <td>0.227147</td>\n",
       "      <td>1.000000</td>\n",
       "      <td>0.218055</td>\n",
       "      <td>0.191970</td>\n",
       "    </tr>\n",
       "    <tr>\n",
       "      <th>mba_p</th>\n",
       "      <td>0.022327</td>\n",
       "      <td>0.388478</td>\n",
       "      <td>0.348452</td>\n",
       "      <td>0.402376</td>\n",
       "      <td>0.218055</td>\n",
       "      <td>1.000000</td>\n",
       "      <td>0.134084</td>\n",
       "    </tr>\n",
       "    <tr>\n",
       "      <th>salary</th>\n",
       "      <td>-0.019367</td>\n",
       "      <td>0.605710</td>\n",
       "      <td>0.486374</td>\n",
       "      <td>0.464159</td>\n",
       "      <td>0.191970</td>\n",
       "      <td>0.134084</td>\n",
       "      <td>1.000000</td>\n",
       "    </tr>\n",
       "  </tbody>\n",
       "</table>\n",
       "</div>"
      ],
      "text/plain": [
       "             sl_no     ssc_p     hsc_p  degree_p   etest_p     mba_p    salary\n",
       "sl_no     1.000000 -0.078155 -0.090500 -0.091039  0.063636  0.022327 -0.019367\n",
       "ssc_p    -0.078155  1.000000  0.513478  0.538686  0.261993  0.388478  0.605710\n",
       "hsc_p    -0.090500  0.513478  1.000000  0.434606  0.240775  0.348452  0.486374\n",
       "degree_p -0.091039  0.538686  0.434606  1.000000  0.227147  0.402376  0.464159\n",
       "etest_p   0.063636  0.261993  0.240775  0.227147  1.000000  0.218055  0.191970\n",
       "mba_p     0.022327  0.388478  0.348452  0.402376  0.218055  1.000000  0.134084\n",
       "salary   -0.019367  0.605710  0.486374  0.464159  0.191970  0.134084  1.000000"
      ]
     },
     "execution_count": 20,
     "metadata": {},
     "output_type": "execute_result"
    }
   ],
   "source": [
    "dataset[quan].corr()"
   ]
  },
  {
   "cell_type": "code",
   "execution_count": 21,
   "id": "55d3d39b",
   "metadata": {},
   "outputs": [],
   "source": [
    "# correlation is the relation between two columns\n",
    "# Correlation types: \n",
    "# Positive (input/independent variable is directly proprtional to output/independent variable)\n",
    "    #perfect positive (r=1)\n",
    "    #high degree of positive (r> +high or 0.95)\n",
    "    #low degree of positive (r<+low or 0.54)\n",
    "# Negative (input/independent variable is indirectly/inversly proprtional to output/independent variable)\n",
    "    #perfect Negative (r=1)\n",
    "    #high degree of Negative (r<-low or -0.54)\n",
    "    #low degree of Negative (r>-high or -0.94)\n",
    "# Zero (no pattern or relation ship between input/independent variable & output/independent variable)\n",
    "# Relation between --> mba_p & salary --> 0.134084 (low Positive correlation, r<0.54)"
   ]
  },
  {
   "cell_type": "code",
   "execution_count": null,
   "id": "61d6489a",
   "metadata": {},
   "outputs": [],
   "source": []
  }
 ],
 "metadata": {
  "kernelspec": {
   "display_name": "Python 3 (ipykernel)",
   "language": "python",
   "name": "python3"
  },
  "language_info": {
   "codemirror_mode": {
    "name": "ipython",
    "version": 3
   },
   "file_extension": ".py",
   "mimetype": "text/x-python",
   "name": "python",
   "nbconvert_exporter": "python",
   "pygments_lexer": "ipython3",
   "version": "3.11.4"
  }
 },
 "nbformat": 4,
 "nbformat_minor": 5
}
